image: sydney_regatta.png
projection: +proj=utm +ellps=WGS84 +datum=WGS84 +zone=56 +units=m +south
pointAlat: -33.721219
pointAlon: 150.671493
pointAx: 651
pointAy: 362
pointBlat: -33.721906
pointBlon: 150.669841
pointBx: 344
pointBy: 515
pointClat: -33.722010 
pointClon: 150.673288
pointCx: 990
pointCy: 602
timeout: 5
timeoutRemove: 20